/*--------------------------------*- C++ -*----------------------------------*\
| =========                 |                                                 |
| \\      /  F ield         | OpenFOAM: The Open Source CFD Toolbox           |
|  \\    /   O peration     | Version:  4.1                                   |
|   \\  /    A nd           | Web:      www.OpenFOAM.org                      |
|    \\/     M anipulation  |                                                 |
\*---------------------------------------------------------------------------*/
FoamFile
{
    version     2.0;
    format      ascii;
    class       vectorField;
    location    "constant/polyMesh";
    object      points;
}
// * * * * * * * * * * * * * * * * * * * * * * * * * * * * * * * * * * * * * //


882
(
(0 0 0)
(0.1 0 0)
(0.2 0 0)
(0.3 0 0)
(0.4 0 0)
(0.5 0 0)
(0.6 0 0)
(0.7 0 0)
(0.8 0 0)
(0.9 0 0)
(1 0 0)
(1.1 0 0)
(1.2 0 0)
(1.3 0 0)
(1.4 0 0)
(1.5 0 0)
(1.6 0 0)
(1.7 0 0)
(1.8 0 0)
(1.9 0 0)
(2 0 0)
(0 0.005 0)
(0.1 0.005 0)
(0.2 0.005 0)
(0.3 0.005 0)
(0.4 0.005 0)
(0.5 0.005 0)
(0.6 0.005 0)
(0.7 0.005 0)
(0.8 0.005 0)
(0.9 0.005 0)
(1 0.005 0)
(1.1 0.005 0)
(1.2 0.005 0)
(1.3 0.005 0)
(1.4 0.005 0)
(1.5 0.005 0)
(1.6 0.005 0)
(1.7 0.005 0)
(1.8 0.005 0)
(1.9 0.005 0)
(2 0.005 0)
(0 0.01 0)
(0.1 0.01 0)
(0.2 0.01 0)
(0.3 0.01 0)
(0.4 0.01 0)
(0.5 0.01 0)
(0.6 0.01 0)
(0.7 0.01 0)
(0.8 0.01 0)
(0.9 0.01 0)
(1 0.01 0)
(1.1 0.01 0)
(1.2 0.01 0)
(1.3 0.01 0)
(1.4 0.01 0)
(1.5 0.01 0)
(1.6 0.01 0)
(1.7 0.01 0)
(1.8 0.01 0)
(1.9 0.01 0)
(2 0.01 0)
(0 0.015 0)
(0.1 0.015 0)
(0.2 0.015 0)
(0.3 0.015 0)
(0.4 0.015 0)
(0.5 0.015 0)
(0.6 0.015 0)
(0.7 0.015 0)
(0.8 0.015 0)
(0.9 0.015 0)
(1 0.015 0)
(1.1 0.015 0)
(1.2 0.015 0)
(1.3 0.015 0)
(1.4 0.015 0)
(1.5 0.015 0)
(1.6 0.015 0)
(1.7 0.015 0)
(1.8 0.015 0)
(1.9 0.015 0)
(2 0.015 0)
(0 0.02 0)
(0.1 0.02 0)
(0.2 0.02 0)
(0.3 0.02 0)
(0.4 0.02 0)
(0.5 0.02 0)
(0.6 0.02 0)
(0.7 0.02 0)
(0.8 0.02 0)
(0.9 0.02 0)
(1 0.02 0)
(1.1 0.02 0)
(1.2 0.02 0)
(1.3 0.02 0)
(1.4 0.02 0)
(1.5 0.02 0)
(1.6 0.02 0)
(1.7 0.02 0)
(1.8 0.02 0)
(1.9 0.02 0)
(2 0.02 0)
(0 0.025 0)
(0.1 0.025 0)
(0.2 0.025 0)
(0.3 0.025 0)
(0.4 0.025 0)
(0.5 0.025 0)
(0.6 0.025 0)
(0.7 0.025 0)
(0.8 0.025 0)
(0.9 0.025 0)
(1 0.025 0)
(1.1 0.025 0)
(1.2 0.025 0)
(1.3 0.025 0)
(1.4 0.025 0)
(1.5 0.025 0)
(1.6 0.025 0)
(1.7 0.025 0)
(1.8 0.025 0)
(1.9 0.025 0)
(2 0.025 0)
(0 0.03 0)
(0.1 0.03 0)
(0.2 0.03 0)
(0.3 0.03 0)
(0.4 0.03 0)
(0.5 0.03 0)
(0.6 0.03 0)
(0.7 0.03 0)
(0.8 0.03 0)
(0.9 0.03 0)
(1 0.03 0)
(1.1 0.03 0)
(1.2 0.03 0)
(1.3 0.03 0)
(1.4 0.03 0)
(1.5 0.03 0)
(1.6 0.03 0)
(1.7 0.03 0)
(1.8 0.03 0)
(1.9 0.03 0)
(2 0.03 0)
(0 0.035 0)
(0.1 0.035 0)
(0.2 0.035 0)
(0.3 0.035 0)
(0.4 0.035 0)
(0.5 0.035 0)
(0.6 0.035 0)
(0.7 0.035 0)
(0.8 0.035 0)
(0.9 0.035 0)
(1 0.035 0)
(1.1 0.035 0)
(1.2 0.035 0)
(1.3 0.035 0)
(1.4 0.035 0)
(1.5 0.035 0)
(1.6 0.035 0)
(1.7 0.035 0)
(1.8 0.035 0)
(1.9 0.035 0)
(2 0.035 0)
(0 0.04 0)
(0.1 0.04 0)
(0.2 0.04 0)
(0.3 0.04 0)
(0.4 0.04 0)
(0.5 0.04 0)
(0.6 0.04 0)
(0.7 0.04 0)
(0.8 0.04 0)
(0.9 0.04 0)
(1 0.04 0)
(1.1 0.04 0)
(1.2 0.04 0)
(1.3 0.04 0)
(1.4 0.04 0)
(1.5 0.04 0)
(1.6 0.04 0)
(1.7 0.04 0)
(1.8 0.04 0)
(1.9 0.04 0)
(2 0.04 0)
(0 0.045 0)
(0.1 0.045 0)
(0.2 0.045 0)
(0.3 0.045 0)
(0.4 0.045 0)
(0.5 0.045 0)
(0.6 0.045 0)
(0.7 0.045 0)
(0.8 0.045 0)
(0.9 0.045 0)
(1 0.045 0)
(1.1 0.045 0)
(1.2 0.045 0)
(1.3 0.045 0)
(1.4 0.045 0)
(1.5 0.045 0)
(1.6 0.045 0)
(1.7 0.045 0)
(1.8 0.045 0)
(1.9 0.045 0)
(2 0.045 0)
(0 0.05 0)
(0.1 0.05 0)
(0.2 0.05 0)
(0.3 0.05 0)
(0.4 0.05 0)
(0.5 0.05 0)
(0.6 0.05 0)
(0.7 0.05 0)
(0.8 0.05 0)
(0.9 0.05 0)
(1 0.05 0)
(1.1 0.05 0)
(1.2 0.05 0)
(1.3 0.05 0)
(1.4 0.05 0)
(1.5 0.05 0)
(1.6 0.05 0)
(1.7 0.05 0)
(1.8 0.05 0)
(1.9 0.05 0)
(2 0.05 0)
(0 0.055 0)
(0.1 0.055 0)
(0.2 0.055 0)
(0.3 0.055 0)
(0.4 0.055 0)
(0.5 0.055 0)
(0.6 0.055 0)
(0.7 0.055 0)
(0.8 0.055 0)
(0.9 0.055 0)
(1 0.055 0)
(1.1 0.055 0)
(1.2 0.055 0)
(1.3 0.055 0)
(1.4 0.055 0)
(1.5 0.055 0)
(1.6 0.055 0)
(1.7 0.055 0)
(1.8 0.055 0)
(1.9 0.055 0)
(2 0.055 0)
(0 0.06 0)
(0.1 0.06 0)
(0.2 0.06 0)
(0.3 0.06 0)
(0.4 0.06 0)
(0.5 0.06 0)
(0.6 0.06 0)
(0.7 0.06 0)
(0.8 0.06 0)
(0.9 0.06 0)
(1 0.06 0)
(1.1 0.06 0)
(1.2 0.06 0)
(1.3 0.06 0)
(1.4 0.06 0)
(1.5 0.06 0)
(1.6 0.06 0)
(1.7 0.06 0)
(1.8 0.06 0)
(1.9 0.06 0)
(2 0.06 0)
(0 0.065 0)
(0.1 0.065 0)
(0.2 0.065 0)
(0.3 0.065 0)
(0.4 0.065 0)
(0.5 0.065 0)
(0.6 0.065 0)
(0.7 0.065 0)
(0.8 0.065 0)
(0.9 0.065 0)
(1 0.065 0)
(1.1 0.065 0)
(1.2 0.065 0)
(1.3 0.065 0)
(1.4 0.065 0)
(1.5 0.065 0)
(1.6 0.065 0)
(1.7 0.065 0)
(1.8 0.065 0)
(1.9 0.065 0)
(2 0.065 0)
(0 0.07 0)
(0.1 0.07 0)
(0.2 0.07 0)
(0.3 0.07 0)
(0.4 0.07 0)
(0.5 0.07 0)
(0.6 0.07 0)
(0.7 0.07 0)
(0.8 0.07 0)
(0.9 0.07 0)
(1 0.07 0)
(1.1 0.07 0)
(1.2 0.07 0)
(1.3 0.07 0)
(1.4 0.07 0)
(1.5 0.07 0)
(1.6 0.07 0)
(1.7 0.07 0)
(1.8 0.07 0)
(1.9 0.07 0)
(2 0.07 0)
(0 0.075 0)
(0.1 0.075 0)
(0.2 0.075 0)
(0.3 0.075 0)
(0.4 0.075 0)
(0.5 0.075 0)
(0.6 0.075 0)
(0.7 0.075 0)
(0.8 0.075 0)
(0.9 0.075 0)
(1 0.075 0)
(1.1 0.075 0)
(1.2 0.075 0)
(1.3 0.075 0)
(1.4 0.075 0)
(1.5 0.075 0)
(1.6 0.075 0)
(1.7 0.075 0)
(1.8 0.075 0)
(1.9 0.075 0)
(2 0.075 0)
(0 0.08 0)
(0.1 0.08 0)
(0.2 0.08 0)
(0.3 0.08 0)
(0.4 0.08 0)
(0.5 0.08 0)
(0.6 0.08 0)
(0.7 0.08 0)
(0.8 0.08 0)
(0.9 0.08 0)
(1 0.08 0)
(1.1 0.08 0)
(1.2 0.08 0)
(1.3 0.08 0)
(1.4 0.08 0)
(1.5 0.08 0)
(1.6 0.08 0)
(1.7 0.08 0)
(1.8 0.08 0)
(1.9 0.08 0)
(2 0.08 0)
(0 0.085 0)
(0.1 0.085 0)
(0.2 0.085 0)
(0.3 0.085 0)
(0.4 0.085 0)
(0.5 0.085 0)
(0.6 0.085 0)
(0.7 0.085 0)
(0.8 0.085 0)
(0.9 0.085 0)
(1 0.085 0)
(1.1 0.085 0)
(1.2 0.085 0)
(1.3 0.085 0)
(1.4 0.085 0)
(1.5 0.085 0)
(1.6 0.085 0)
(1.7 0.085 0)
(1.8 0.085 0)
(1.9 0.085 0)
(2 0.085 0)
(0 0.09 0)
(0.1 0.09 0)
(0.2 0.09 0)
(0.3 0.09 0)
(0.4 0.09 0)
(0.5 0.09 0)
(0.6 0.09 0)
(0.7 0.09 0)
(0.8 0.09 0)
(0.9 0.09 0)
(1 0.09 0)
(1.1 0.09 0)
(1.2 0.09 0)
(1.3 0.09 0)
(1.4 0.09 0)
(1.5 0.09 0)
(1.6 0.09 0)
(1.7 0.09 0)
(1.8 0.09 0)
(1.9 0.09 0)
(2 0.09 0)
(0 0.095 0)
(0.1 0.095 0)
(0.2 0.095 0)
(0.3 0.095 0)
(0.4 0.095 0)
(0.5 0.095 0)
(0.6 0.095 0)
(0.7 0.095 0)
(0.8 0.095 0)
(0.9 0.095 0)
(1 0.095 0)
(1.1 0.095 0)
(1.2 0.095 0)
(1.3 0.095 0)
(1.4 0.095 0)
(1.5 0.095 0)
(1.6 0.095 0)
(1.7 0.095 0)
(1.8 0.095 0)
(1.9 0.095 0)
(2 0.095 0)
(0 0.1 0)
(0.1 0.1 0)
(0.2 0.1 0)
(0.3 0.1 0)
(0.4 0.1 0)
(0.5 0.1 0)
(0.6 0.1 0)
(0.7 0.1 0)
(0.8 0.1 0)
(0.9 0.1 0)
(1 0.1 0)
(1.1 0.1 0)
(1.2 0.1 0)
(1.3 0.1 0)
(1.4 0.1 0)
(1.5 0.1 0)
(1.6 0.1 0)
(1.7 0.1 0)
(1.8 0.1 0)
(1.9 0.1 0)
(2 0.1 0)
(0 0 0.01)
(0.1 0 0.01)
(0.2 0 0.01)
(0.3 0 0.01)
(0.4 0 0.01)
(0.5 0 0.01)
(0.6 0 0.01)
(0.7 0 0.01)
(0.8 0 0.01)
(0.9 0 0.01)
(1 0 0.01)
(1.1 0 0.01)
(1.2 0 0.01)
(1.3 0 0.01)
(1.4 0 0.01)
(1.5 0 0.01)
(1.6 0 0.01)
(1.7 0 0.01)
(1.8 0 0.01)
(1.9 0 0.01)
(2 0 0.01)
(0 0.005 0.01)
(0.1 0.005 0.01)
(0.2 0.005 0.01)
(0.3 0.005 0.01)
(0.4 0.005 0.01)
(0.5 0.005 0.01)
(0.6 0.005 0.01)
(0.7 0.005 0.01)
(0.8 0.005 0.01)
(0.9 0.005 0.01)
(1 0.005 0.01)
(1.1 0.005 0.01)
(1.2 0.005 0.01)
(1.3 0.005 0.01)
(1.4 0.005 0.01)
(1.5 0.005 0.01)
(1.6 0.005 0.01)
(1.7 0.005 0.01)
(1.8 0.005 0.01)
(1.9 0.005 0.01)
(2 0.005 0.01)
(0 0.01 0.01)
(0.1 0.01 0.01)
(0.2 0.01 0.01)
(0.3 0.01 0.01)
(0.4 0.01 0.01)
(0.5 0.01 0.01)
(0.6 0.01 0.01)
(0.7 0.01 0.01)
(0.8 0.01 0.01)
(0.9 0.01 0.01)
(1 0.01 0.01)
(1.1 0.01 0.01)
(1.2 0.01 0.01)
(1.3 0.01 0.01)
(1.4 0.01 0.01)
(1.5 0.01 0.01)
(1.6 0.01 0.01)
(1.7 0.01 0.01)
(1.8 0.01 0.01)
(1.9 0.01 0.01)
(2 0.01 0.01)
(0 0.015 0.01)
(0.1 0.015 0.01)
(0.2 0.015 0.01)
(0.3 0.015 0.01)
(0.4 0.015 0.01)
(0.5 0.015 0.01)
(0.6 0.015 0.01)
(0.7 0.015 0.01)
(0.8 0.015 0.01)
(0.9 0.015 0.01)
(1 0.015 0.01)
(1.1 0.015 0.01)
(1.2 0.015 0.01)
(1.3 0.015 0.01)
(1.4 0.015 0.01)
(1.5 0.015 0.01)
(1.6 0.015 0.01)
(1.7 0.015 0.01)
(1.8 0.015 0.01)
(1.9 0.015 0.01)
(2 0.015 0.01)
(0 0.02 0.01)
(0.1 0.02 0.01)
(0.2 0.02 0.01)
(0.3 0.02 0.01)
(0.4 0.02 0.01)
(0.5 0.02 0.01)
(0.6 0.02 0.01)
(0.7 0.02 0.01)
(0.8 0.02 0.01)
(0.9 0.02 0.01)
(1 0.02 0.01)
(1.1 0.02 0.01)
(1.2 0.02 0.01)
(1.3 0.02 0.01)
(1.4 0.02 0.01)
(1.5 0.02 0.01)
(1.6 0.02 0.01)
(1.7 0.02 0.01)
(1.8 0.02 0.01)
(1.9 0.02 0.01)
(2 0.02 0.01)
(0 0.025 0.01)
(0.1 0.025 0.01)
(0.2 0.025 0.01)
(0.3 0.025 0.01)
(0.4 0.025 0.01)
(0.5 0.025 0.01)
(0.6 0.025 0.01)
(0.7 0.025 0.01)
(0.8 0.025 0.01)
(0.9 0.025 0.01)
(1 0.025 0.01)
(1.1 0.025 0.01)
(1.2 0.025 0.01)
(1.3 0.025 0.01)
(1.4 0.025 0.01)
(1.5 0.025 0.01)
(1.6 0.025 0.01)
(1.7 0.025 0.01)
(1.8 0.025 0.01)
(1.9 0.025 0.01)
(2 0.025 0.01)
(0 0.03 0.01)
(0.1 0.03 0.01)
(0.2 0.03 0.01)
(0.3 0.03 0.01)
(0.4 0.03 0.01)
(0.5 0.03 0.01)
(0.6 0.03 0.01)
(0.7 0.03 0.01)
(0.8 0.03 0.01)
(0.9 0.03 0.01)
(1 0.03 0.01)
(1.1 0.03 0.01)
(1.2 0.03 0.01)
(1.3 0.03 0.01)
(1.4 0.03 0.01)
(1.5 0.03 0.01)
(1.6 0.03 0.01)
(1.7 0.03 0.01)
(1.8 0.03 0.01)
(1.9 0.03 0.01)
(2 0.03 0.01)
(0 0.035 0.01)
(0.1 0.035 0.01)
(0.2 0.035 0.01)
(0.3 0.035 0.01)
(0.4 0.035 0.01)
(0.5 0.035 0.01)
(0.6 0.035 0.01)
(0.7 0.035 0.01)
(0.8 0.035 0.01)
(0.9 0.035 0.01)
(1 0.035 0.01)
(1.1 0.035 0.01)
(1.2 0.035 0.01)
(1.3 0.035 0.01)
(1.4 0.035 0.01)
(1.5 0.035 0.01)
(1.6 0.035 0.01)
(1.7 0.035 0.01)
(1.8 0.035 0.01)
(1.9 0.035 0.01)
(2 0.035 0.01)
(0 0.04 0.01)
(0.1 0.04 0.01)
(0.2 0.04 0.01)
(0.3 0.04 0.01)
(0.4 0.04 0.01)
(0.5 0.04 0.01)
(0.6 0.04 0.01)
(0.7 0.04 0.01)
(0.8 0.04 0.01)
(0.9 0.04 0.01)
(1 0.04 0.01)
(1.1 0.04 0.01)
(1.2 0.04 0.01)
(1.3 0.04 0.01)
(1.4 0.04 0.01)
(1.5 0.04 0.01)
(1.6 0.04 0.01)
(1.7 0.04 0.01)
(1.8 0.04 0.01)
(1.9 0.04 0.01)
(2 0.04 0.01)
(0 0.045 0.01)
(0.1 0.045 0.01)
(0.2 0.045 0.01)
(0.3 0.045 0.01)
(0.4 0.045 0.01)
(0.5 0.045 0.01)
(0.6 0.045 0.01)
(0.7 0.045 0.01)
(0.8 0.045 0.01)
(0.9 0.045 0.01)
(1 0.045 0.01)
(1.1 0.045 0.01)
(1.2 0.045 0.01)
(1.3 0.045 0.01)
(1.4 0.045 0.01)
(1.5 0.045 0.01)
(1.6 0.045 0.01)
(1.7 0.045 0.01)
(1.8 0.045 0.01)
(1.9 0.045 0.01)
(2 0.045 0.01)
(0 0.05 0.01)
(0.1 0.05 0.01)
(0.2 0.05 0.01)
(0.3 0.05 0.01)
(0.4 0.05 0.01)
(0.5 0.05 0.01)
(0.6 0.05 0.01)
(0.7 0.05 0.01)
(0.8 0.05 0.01)
(0.9 0.05 0.01)
(1 0.05 0.01)
(1.1 0.05 0.01)
(1.2 0.05 0.01)
(1.3 0.05 0.01)
(1.4 0.05 0.01)
(1.5 0.05 0.01)
(1.6 0.05 0.01)
(1.7 0.05 0.01)
(1.8 0.05 0.01)
(1.9 0.05 0.01)
(2 0.05 0.01)
(0 0.055 0.01)
(0.1 0.055 0.01)
(0.2 0.055 0.01)
(0.3 0.055 0.01)
(0.4 0.055 0.01)
(0.5 0.055 0.01)
(0.6 0.055 0.01)
(0.7 0.055 0.01)
(0.8 0.055 0.01)
(0.9 0.055 0.01)
(1 0.055 0.01)
(1.1 0.055 0.01)
(1.2 0.055 0.01)
(1.3 0.055 0.01)
(1.4 0.055 0.01)
(1.5 0.055 0.01)
(1.6 0.055 0.01)
(1.7 0.055 0.01)
(1.8 0.055 0.01)
(1.9 0.055 0.01)
(2 0.055 0.01)
(0 0.06 0.01)
(0.1 0.06 0.01)
(0.2 0.06 0.01)
(0.3 0.06 0.01)
(0.4 0.06 0.01)
(0.5 0.06 0.01)
(0.6 0.06 0.01)
(0.7 0.06 0.01)
(0.8 0.06 0.01)
(0.9 0.06 0.01)
(1 0.06 0.01)
(1.1 0.06 0.01)
(1.2 0.06 0.01)
(1.3 0.06 0.01)
(1.4 0.06 0.01)
(1.5 0.06 0.01)
(1.6 0.06 0.01)
(1.7 0.06 0.01)
(1.8 0.06 0.01)
(1.9 0.06 0.01)
(2 0.06 0.01)
(0 0.065 0.01)
(0.1 0.065 0.01)
(0.2 0.065 0.01)
(0.3 0.065 0.01)
(0.4 0.065 0.01)
(0.5 0.065 0.01)
(0.6 0.065 0.01)
(0.7 0.065 0.01)
(0.8 0.065 0.01)
(0.9 0.065 0.01)
(1 0.065 0.01)
(1.1 0.065 0.01)
(1.2 0.065 0.01)
(1.3 0.065 0.01)
(1.4 0.065 0.01)
(1.5 0.065 0.01)
(1.6 0.065 0.01)
(1.7 0.065 0.01)
(1.8 0.065 0.01)
(1.9 0.065 0.01)
(2 0.065 0.01)
(0 0.07 0.01)
(0.1 0.07 0.01)
(0.2 0.07 0.01)
(0.3 0.07 0.01)
(0.4 0.07 0.01)
(0.5 0.07 0.01)
(0.6 0.07 0.01)
(0.7 0.07 0.01)
(0.8 0.07 0.01)
(0.9 0.07 0.01)
(1 0.07 0.01)
(1.1 0.07 0.01)
(1.2 0.07 0.01)
(1.3 0.07 0.01)
(1.4 0.07 0.01)
(1.5 0.07 0.01)
(1.6 0.07 0.01)
(1.7 0.07 0.01)
(1.8 0.07 0.01)
(1.9 0.07 0.01)
(2 0.07 0.01)
(0 0.075 0.01)
(0.1 0.075 0.01)
(0.2 0.075 0.01)
(0.3 0.075 0.01)
(0.4 0.075 0.01)
(0.5 0.075 0.01)
(0.6 0.075 0.01)
(0.7 0.075 0.01)
(0.8 0.075 0.01)
(0.9 0.075 0.01)
(1 0.075 0.01)
(1.1 0.075 0.01)
(1.2 0.075 0.01)
(1.3 0.075 0.01)
(1.4 0.075 0.01)
(1.5 0.075 0.01)
(1.6 0.075 0.01)
(1.7 0.075 0.01)
(1.8 0.075 0.01)
(1.9 0.075 0.01)
(2 0.075 0.01)
(0 0.08 0.01)
(0.1 0.08 0.01)
(0.2 0.08 0.01)
(0.3 0.08 0.01)
(0.4 0.08 0.01)
(0.5 0.08 0.01)
(0.6 0.08 0.01)
(0.7 0.08 0.01)
(0.8 0.08 0.01)
(0.9 0.08 0.01)
(1 0.08 0.01)
(1.1 0.08 0.01)
(1.2 0.08 0.01)
(1.3 0.08 0.01)
(1.4 0.08 0.01)
(1.5 0.08 0.01)
(1.6 0.08 0.01)
(1.7 0.08 0.01)
(1.8 0.08 0.01)
(1.9 0.08 0.01)
(2 0.08 0.01)
(0 0.085 0.01)
(0.1 0.085 0.01)
(0.2 0.085 0.01)
(0.3 0.085 0.01)
(0.4 0.085 0.01)
(0.5 0.085 0.01)
(0.6 0.085 0.01)
(0.7 0.085 0.01)
(0.8 0.085 0.01)
(0.9 0.085 0.01)
(1 0.085 0.01)
(1.1 0.085 0.01)
(1.2 0.085 0.01)
(1.3 0.085 0.01)
(1.4 0.085 0.01)
(1.5 0.085 0.01)
(1.6 0.085 0.01)
(1.7 0.085 0.01)
(1.8 0.085 0.01)
(1.9 0.085 0.01)
(2 0.085 0.01)
(0 0.09 0.01)
(0.1 0.09 0.01)
(0.2 0.09 0.01)
(0.3 0.09 0.01)
(0.4 0.09 0.01)
(0.5 0.09 0.01)
(0.6 0.09 0.01)
(0.7 0.09 0.01)
(0.8 0.09 0.01)
(0.9 0.09 0.01)
(1 0.09 0.01)
(1.1 0.09 0.01)
(1.2 0.09 0.01)
(1.3 0.09 0.01)
(1.4 0.09 0.01)
(1.5 0.09 0.01)
(1.6 0.09 0.01)
(1.7 0.09 0.01)
(1.8 0.09 0.01)
(1.9 0.09 0.01)
(2 0.09 0.01)
(0 0.095 0.01)
(0.1 0.095 0.01)
(0.2 0.095 0.01)
(0.3 0.095 0.01)
(0.4 0.095 0.01)
(0.5 0.095 0.01)
(0.6 0.095 0.01)
(0.7 0.095 0.01)
(0.8 0.095 0.01)
(0.9 0.095 0.01)
(1 0.095 0.01)
(1.1 0.095 0.01)
(1.2 0.095 0.01)
(1.3 0.095 0.01)
(1.4 0.095 0.01)
(1.5 0.095 0.01)
(1.6 0.095 0.01)
(1.7 0.095 0.01)
(1.8 0.095 0.01)
(1.9 0.095 0.01)
(2 0.095 0.01)
(0 0.1 0.01)
(0.1 0.1 0.01)
(0.2 0.1 0.01)
(0.3 0.1 0.01)
(0.4 0.1 0.01)
(0.5 0.1 0.01)
(0.6 0.1 0.01)
(0.7 0.1 0.01)
(0.8 0.1 0.01)
(0.9 0.1 0.01)
(1 0.1 0.01)
(1.1 0.1 0.01)
(1.2 0.1 0.01)
(1.3 0.1 0.01)
(1.4 0.1 0.01)
(1.5 0.1 0.01)
(1.6 0.1 0.01)
(1.7 0.1 0.01)
(1.8 0.1 0.01)
(1.9 0.1 0.01)
(2 0.1 0.01)
)


// ************************************************************************* //
