/*--------------------------------*- C++ -*----------------------------------*\
| =========                 |                                                 |
| \\      /  F ield         | OpenFOAM: The Open Source CFD Toolbox           |
|  \\    /   O peration     | Version:  4.1                                   |
|   \\  /    A nd           | Web:      www.OpenFOAM.org                      |
|    \\/     M anipulation  |                                                 |
\*---------------------------------------------------------------------------*/
FoamFile
{
    version     2.0;
    format      ascii;
    class       volScalarField;
    location    "0.3";
    object      p;
}
// * * * * * * * * * * * * * * * * * * * * * * * * * * * * * * * * * * * * * //

dimensions      [0 2 -2 0 0 0 0];

internalField   nonuniform List<scalar> 
400
(
-98.7922
-93.7255
-88.6599
-83.593
-78.5274
-73.4606
-68.3948
-63.3281
-58.2621
-53.1956
-48.1294
-43.0632
-37.9967
-32.9308
-27.8642
-22.7984
-17.7316
-12.666
-7.59898
-2.53363
-98.7922
-93.7255
-88.6599
-83.593
-78.5274
-73.4606
-68.3948
-63.3281
-58.2621
-53.1956
-48.1294
-43.0632
-37.9967
-32.9308
-27.8642
-22.7984
-17.7316
-12.666
-7.59898
-2.53363
-98.7922
-93.7254
-88.6599
-83.593
-78.5274
-73.4606
-68.3948
-63.3281
-58.2621
-53.1956
-48.1294
-43.0632
-37.9967
-32.9308
-27.8642
-22.7984
-17.7316
-12.666
-7.59898
-2.53363
-98.7922
-93.7254
-88.6599
-83.593
-78.5274
-73.4606
-68.3948
-63.3281
-58.2621
-53.1956
-48.1294
-43.0632
-37.9967
-32.9308
-27.8642
-22.7984
-17.7316
-12.666
-7.59898
-2.53363
-98.7922
-93.7254
-88.6599
-83.593
-78.5274
-73.4606
-68.3948
-63.3281
-58.2621
-53.1956
-48.1294
-43.0632
-37.9967
-32.9308
-27.8642
-22.7984
-17.7316
-12.666
-7.59898
-2.53363
-98.7922
-93.7254
-88.6599
-83.593
-78.5274
-73.4606
-68.3948
-63.3281
-58.2621
-53.1956
-48.1294
-43.0632
-37.9967
-32.9308
-27.8642
-22.7984
-17.7316
-12.666
-7.59898
-2.53363
-98.7922
-93.7254
-88.6599
-83.593
-78.5274
-73.4606
-68.3948
-63.3281
-58.2621
-53.1956
-48.1294
-43.0632
-37.9967
-32.9308
-27.8642
-22.7984
-17.7316
-12.6661
-7.59898
-2.53363
-98.7922
-93.7254
-88.6599
-83.593
-78.5274
-73.4606
-68.3948
-63.3281
-58.2621
-53.1956
-48.1294
-43.0632
-37.9967
-32.9308
-27.8642
-22.7984
-17.7316
-12.6661
-7.59898
-2.53363
-98.7922
-93.7254
-88.6599
-83.593
-78.5274
-73.4606
-68.3948
-63.3281
-58.2621
-53.1956
-48.1294
-43.0632
-37.9967
-32.9308
-27.8642
-22.7984
-17.7316
-12.6661
-7.59898
-2.53363
-98.7922
-93.7254
-88.6599
-83.593
-78.5274
-73.4606
-68.3948
-63.3281
-58.2621
-53.1956
-48.1294
-43.0632
-37.9967
-32.9308
-27.8642
-22.7984
-17.7316
-12.6661
-7.59898
-2.53363
-98.7922
-93.7254
-88.6599
-83.593
-78.5274
-73.4606
-68.3948
-63.3281
-58.2621
-53.1956
-48.1294
-43.0632
-37.9967
-32.9308
-27.8642
-22.7984
-17.7316
-12.6661
-7.59898
-2.53363
-98.7922
-93.7254
-88.6599
-83.593
-78.5274
-73.4606
-68.3948
-63.3281
-58.2621
-53.1956
-48.1294
-43.0632
-37.9967
-32.9308
-27.8642
-22.7984
-17.7316
-12.6661
-7.59898
-2.53363
-98.7922
-93.7254
-88.6599
-83.593
-78.5274
-73.4606
-68.3948
-63.3281
-58.2621
-53.1956
-48.1294
-43.0632
-37.9967
-32.9308
-27.8642
-22.7984
-17.7316
-12.6661
-7.59898
-2.53363
-98.7922
-93.7254
-88.6599
-83.593
-78.5274
-73.4606
-68.3948
-63.3281
-58.2621
-53.1956
-48.1294
-43.0632
-37.9967
-32.9308
-27.8642
-22.7984
-17.7316
-12.6661
-7.59899
-2.53363
-98.7922
-93.7254
-88.6599
-83.593
-78.5274
-73.4606
-68.3948
-63.3281
-58.2621
-53.1956
-48.1294
-43.0632
-37.9967
-32.9308
-27.8642
-22.7984
-17.7316
-12.6661
-7.59899
-2.53363
-98.7922
-93.7254
-88.6599
-83.593
-78.5274
-73.4606
-68.3948
-63.3281
-58.2621
-53.1956
-48.1294
-43.0632
-37.9967
-32.9308
-27.8642
-22.7984
-17.7316
-12.6661
-7.59899
-2.53363
-98.7922
-93.7254
-88.6599
-83.593
-78.5274
-73.4606
-68.3948
-63.3281
-58.2621
-53.1956
-48.1294
-43.0632
-37.9967
-32.9308
-27.8642
-22.7984
-17.7316
-12.6661
-7.59899
-2.53363
-98.7922
-93.7254
-88.6599
-83.593
-78.5274
-73.4606
-68.3948
-63.3281
-58.2621
-53.1956
-48.1294
-43.0632
-37.9967
-32.9308
-27.8642
-22.7984
-17.7316
-12.6661
-7.59899
-2.53363
-98.7922
-93.7254
-88.6599
-83.593
-78.5274
-73.4606
-68.3948
-63.3281
-58.2621
-53.1956
-48.1294
-43.0632
-37.9967
-32.9308
-27.8642
-22.7984
-17.7316
-12.666
-7.59899
-2.53363
-98.7922
-93.7254
-88.6599
-83.593
-78.5274
-73.4606
-68.3948
-63.3281
-58.2621
-53.1956
-48.1294
-43.0632
-37.9967
-32.9308
-27.8642
-22.7984
-17.7316
-12.6661
-7.59899
-2.53363
)
;

boundaryField
{
    top
    {
        type            zeroGradient;
    }
    bottom
    {
        type            zeroGradient;
    }
    inlet
    {
        type            fixedValue;
        value           uniform -101.325;
    }
    outlet
    {
        type            fixedValue;
        value           uniform 0;
    }
    frontAndBack
    {
        type            empty;
    }
}


// ************************************************************************* //
