/*--------------------------------*- C++ -*----------------------------------*\
| =========                 |                                                 |
| \\      /  F ield         | OpenFOAM: The Open Source CFD Toolbox           |
|  \\    /   O peration     | Version:  4.1                                   |
|   \\  /    A nd           | Web:      www.OpenFOAM.org                      |
|    \\/     M anipulation  |                                                 |
\*---------------------------------------------------------------------------*/
FoamFile
{
    version     2.0;
    format      ascii;
    class       volScalarField;
    location    "0.2";
    object      p;
}
// * * * * * * * * * * * * * * * * * * * * * * * * * * * * * * * * * * * * * //

dimensions      [0 2 -2 0 0 0 0];

internalField   nonuniform List<scalar> 
400
(
-98.7943
-93.7242
-88.6628
-83.5922
-78.5299
-73.46
-68.3964
-63.3281
-58.2628
-53.1963
-48.1294
-43.0644
-37.9962
-32.9324
-27.8632
-22.8001
-17.7303
-12.6675
-7.5975
-2.53524
-98.7943
-93.7242
-88.6628
-83.5922
-78.5299
-73.46
-68.3964
-63.3281
-58.2628
-53.1963
-48.1294
-43.0644
-37.9962
-32.9324
-27.8632
-22.8001
-17.7303
-12.6675
-7.5975
-2.53524
-98.7943
-93.7242
-88.6628
-83.5922
-78.5299
-73.46
-68.3964
-63.3281
-58.2628
-53.1963
-48.1294
-43.0644
-37.9962
-32.9324
-27.8632
-22.8001
-17.7303
-12.6675
-7.5975
-2.53524
-98.7943
-93.7242
-88.6628
-83.5922
-78.5299
-73.46
-68.3964
-63.3281
-58.2628
-53.1963
-48.1294
-43.0644
-37.9962
-32.9324
-27.8632
-22.8001
-17.7303
-12.6676
-7.5975
-2.53524
-98.7943
-93.7242
-88.6628
-83.5922
-78.5299
-73.46
-68.3964
-63.3281
-58.2628
-53.1963
-48.1294
-43.0644
-37.9962
-32.9324
-27.8632
-22.8001
-17.7303
-12.6676
-7.5975
-2.53524
-98.7943
-93.7241
-88.6628
-83.5922
-78.5299
-73.46
-68.3964
-63.3281
-58.2628
-53.1963
-48.1294
-43.0644
-37.9962
-32.9324
-27.8632
-22.8001
-17.7303
-12.6676
-7.59749
-2.53524
-98.7943
-93.7241
-88.6629
-83.5922
-78.5299
-73.46
-68.3964
-63.3281
-58.2628
-53.1963
-48.1294
-43.0644
-37.9962
-32.9324
-27.8632
-22.8001
-17.7303
-12.6676
-7.59749
-2.53524
-98.7943
-93.7241
-88.6629
-83.5922
-78.5299
-73.46
-68.3964
-63.3281
-58.2628
-53.1963
-48.1294
-43.0644
-37.9962
-32.9324
-27.8632
-22.8001
-17.7303
-12.6676
-7.59749
-2.53525
-98.7943
-93.7241
-88.6629
-83.5922
-78.5299
-73.46
-68.3964
-63.3281
-58.2628
-53.1963
-48.1294
-43.0644
-37.9962
-32.9324
-27.8632
-22.8001
-17.7303
-12.6676
-7.59749
-2.53525
-98.7943
-93.7241
-88.6629
-83.5922
-78.5299
-73.46
-68.3964
-63.3281
-58.2628
-53.1963
-48.1294
-43.0644
-37.9962
-32.9324
-27.8632
-22.8001
-17.7303
-12.6675
-7.59749
-2.53525
-98.7943
-93.7241
-88.6629
-83.5922
-78.5299
-73.46
-68.3964
-63.3281
-58.2628
-53.1963
-48.1294
-43.0644
-37.9962
-32.9324
-27.8632
-22.8001
-17.7303
-12.6675
-7.59749
-2.53525
-98.7943
-93.7241
-88.6629
-83.5922
-78.5299
-73.46
-68.3964
-63.3281
-58.2628
-53.1963
-48.1294
-43.0644
-37.9962
-32.9324
-27.8632
-22.8001
-17.7303
-12.6675
-7.59749
-2.53525
-98.7943
-93.7241
-88.6629
-83.5922
-78.5299
-73.46
-68.3964
-63.3281
-58.2628
-53.1963
-48.1294
-43.0644
-37.9962
-32.9324
-27.8632
-22.8001
-17.7303
-12.6675
-7.59749
-2.53525
-98.7943
-93.7241
-88.6629
-83.5922
-78.5299
-73.46
-68.3964
-63.3281
-58.2628
-53.1963
-48.1294
-43.0644
-37.9962
-32.9324
-27.8632
-22.8001
-17.7303
-12.6675
-7.59749
-2.53524
-98.7943
-93.7241
-88.6629
-83.5922
-78.5299
-73.46
-68.3964
-63.3281
-58.2628
-53.1963
-48.1294
-43.0644
-37.9962
-32.9324
-27.8632
-22.8001
-17.7303
-12.6675
-7.59749
-2.53524
-98.7943
-93.7241
-88.6629
-83.5922
-78.5299
-73.46
-68.3964
-63.3281
-58.2628
-53.1963
-48.1294
-43.0644
-37.9962
-32.9324
-27.8632
-22.8001
-17.7303
-12.6675
-7.59749
-2.53524
-98.7943
-93.7241
-88.6629
-83.5922
-78.5299
-73.46
-68.3964
-63.3281
-58.2628
-53.1963
-48.1294
-43.0644
-37.9962
-32.9324
-27.8632
-22.8001
-17.7303
-12.6675
-7.59749
-2.53523
-98.7943
-93.7241
-88.6628
-83.5922
-78.5299
-73.46
-68.3964
-63.3281
-58.2628
-53.1963
-48.1294
-43.0644
-37.9962
-32.9324
-27.8632
-22.8001
-17.7303
-12.6675
-7.59749
-2.53523
-98.7943
-93.7241
-88.6628
-83.5922
-78.5299
-73.46
-68.3964
-63.3281
-58.2628
-53.1963
-48.1294
-43.0644
-37.9962
-32.9324
-27.8632
-22.8001
-17.7303
-12.6675
-7.59749
-2.53523
-98.7943
-93.7241
-88.6628
-83.5922
-78.5299
-73.46
-68.3964
-63.3281
-58.2628
-53.1963
-48.1294
-43.0644
-37.9962
-32.9324
-27.8632
-22.8001
-17.7303
-12.6675
-7.59749
-2.53523
)
;

boundaryField
{
    top
    {
        type            zeroGradient;
    }
    bottom
    {
        type            zeroGradient;
    }
    inlet
    {
        type            fixedValue;
        value           uniform -101.325;
    }
    outlet
    {
        type            fixedValue;
        value           uniform 0;
    }
    frontAndBack
    {
        type            empty;
    }
}


// ************************************************************************* //
