/*--------------------------------*- C++ -*----------------------------------*\
| =========                 |                                                 |
| \\      /  F ield         | OpenFOAM: The Open Source CFD Toolbox           |
|  \\    /   O peration     | Version:  4.1                                   |
|   \\  /    A nd           | Web:      www.OpenFOAM.org                      |
|    \\/     M anipulation  |                                                 |
\*---------------------------------------------------------------------------*/
FoamFile
{
    version     2.0;
    format      ascii;
    class       volScalarField;
    location    "1";
    object      p;
}
// * * * * * * * * * * * * * * * * * * * * * * * * * * * * * * * * * * * * * //

dimensions      [0 2 -2 0 0 0 0];

internalField   nonuniform List<scalar> 
400
(
98.7919
93.7257
88.6594
83.5932
78.5269
73.4607
68.3944
63.3282
58.2619
53.1957
48.1294
43.0632
37.9969
32.9307
27.8644
22.7982
17.7319
12.6657
7.5994
2.53315
98.7919
93.7257
88.6594
83.5932
78.5269
73.4607
68.3944
63.3282
58.2619
53.1957
48.1294
43.0632
37.9969
32.9307
27.8644
22.7982
17.7319
12.6657
7.5994
2.53315
98.7919
93.7257
88.6594
83.5932
78.5269
73.4607
68.3944
63.3282
58.2619
53.1957
48.1294
43.0632
37.9969
32.9307
27.8644
22.7982
17.7319
12.6657
7.5994
2.53315
98.7919
93.7257
88.6594
83.5932
78.5269
73.4607
68.3944
63.3282
58.2619
53.1957
48.1294
43.0632
37.9969
32.9307
27.8644
22.7982
17.7319
12.6657
7.5994
2.53315
98.7919
93.7257
88.6594
83.5932
78.5269
73.4607
68.3944
63.3282
58.2619
53.1957
48.1294
43.0632
37.9969
32.9307
27.8644
22.7982
17.7319
12.6657
7.5994
2.53315
98.7919
93.7257
88.6594
83.5932
78.5269
73.4607
68.3944
63.3282
58.2619
53.1957
48.1294
43.0632
37.9969
32.9307
27.8644
22.7982
17.7319
12.6657
7.5994
2.53315
98.7919
93.7257
88.6594
83.5932
78.5269
73.4607
68.3944
63.3282
58.2619
53.1957
48.1294
43.0632
37.9969
32.9307
27.8644
22.7982
17.7319
12.6657
7.5994
2.53315
98.7919
93.7257
88.6594
83.5932
78.5269
73.4607
68.3944
63.3282
58.2619
53.1957
48.1294
43.0632
37.9969
32.9307
27.8644
22.7982
17.7319
12.6657
7.5994
2.53315
98.7919
93.7257
88.6594
83.5932
78.5269
73.4607
68.3944
63.3282
58.2619
53.1957
48.1294
43.0632
37.9969
32.9307
27.8644
22.7982
17.7319
12.6657
7.5994
2.53315
98.7919
93.7257
88.6594
83.5932
78.5269
73.4607
68.3944
63.3282
58.2619
53.1957
48.1294
43.0632
37.9969
32.9307
27.8644
22.7982
17.7319
12.6657
7.5994
2.53315
98.7919
93.7257
88.6594
83.5932
78.5269
73.4607
68.3944
63.3282
58.2619
53.1957
48.1294
43.0632
37.9969
32.9307
27.8644
22.7982
17.7319
12.6657
7.5994
2.53315
98.7919
93.7257
88.6594
83.5932
78.5269
73.4607
68.3944
63.3282
58.2619
53.1957
48.1294
43.0632
37.9969
32.9307
27.8644
22.7982
17.7319
12.6657
7.5994
2.53315
98.7919
93.7257
88.6594
83.5932
78.5269
73.4607
68.3944
63.3282
58.2619
53.1957
48.1294
43.0632
37.9969
32.9307
27.8644
22.7982
17.7319
12.6657
7.5994
2.53315
98.7919
93.7257
88.6594
83.5932
78.5269
73.4607
68.3944
63.3282
58.2619
53.1957
48.1294
43.0632
37.9969
32.9307
27.8644
22.7982
17.7319
12.6657
7.5994
2.53315
98.7919
93.7257
88.6594
83.5932
78.5269
73.4607
68.3944
63.3282
58.2619
53.1957
48.1294
43.0632
37.9969
32.9307
27.8644
22.7982
17.7319
12.6657
7.5994
2.53315
98.7919
93.7257
88.6594
83.5932
78.5269
73.4607
68.3944
63.3282
58.2619
53.1957
48.1294
43.0632
37.9969
32.9307
27.8644
22.7982
17.7319
12.6657
7.5994
2.53315
98.7919
93.7257
88.6594
83.5932
78.5269
73.4607
68.3944
63.3282
58.2619
53.1957
48.1294
43.0632
37.9969
32.9307
27.8644
22.7982
17.7319
12.6657
7.5994
2.53315
98.7919
93.7257
88.6594
83.5932
78.5269
73.4607
68.3944
63.3282
58.2619
53.1957
48.1294
43.0632
37.9969
32.9307
27.8644
22.7982
17.7319
12.6657
7.5994
2.53315
98.7919
93.7257
88.6594
83.5932
78.5269
73.4607
68.3944
63.3282
58.2619
53.1957
48.1294
43.0632
37.9969
32.9307
27.8644
22.7982
17.7319
12.6657
7.5994
2.53315
98.7919
93.7257
88.6594
83.5932
78.5269
73.4607
68.3944
63.3282
58.2619
53.1957
48.1294
43.0632
37.9969
32.9307
27.8644
22.7982
17.7319
12.6657
7.5994
2.53315
)
;

boundaryField
{
    top
    {
        type            zeroGradient;
    }
    bottom
    {
        type            zeroGradient;
    }
    inlet
    {
        type            fixedValue;
        value           uniform 101.325;
    }
    outlet
    {
        type            fixedValue;
        value           uniform 0;
    }
    frontAndBack
    {
        type            empty;
    }
}


// ************************************************************************* //
