/*--------------------------------*- C++ -*----------------------------------*\
| =========                 |                                                 |
| \\      /  F ield         | OpenFOAM: The Open Source CFD Toolbox           |
|  \\    /   O peration     | Version:  4.1                                   |
|   \\  /    A nd           | Web:      www.OpenFOAM.org                      |
|    \\/     M anipulation  |                                                 |
\*---------------------------------------------------------------------------*/
FoamFile
{
    version     2.0;
    format      ascii;
    class       volScalarField;
    location    "0.1";
    object      p;
}
// * * * * * * * * * * * * * * * * * * * * * * * * * * * * * * * * * * * * * //

dimensions      [0 2 -2 0 0 0 0];

internalField   nonuniform List<scalar> 
400
(
98.8346
93.707
88.6831
83.5936
78.5335
73.4734
68.3909
63.3453
58.2554
53.2116
48.1241
43.075
37.994
32.9383
27.8635
22.8025
17.7319
12.6678
7.59927
2.5339
98.8346
93.707
88.6831
83.5936
78.5335
73.4734
68.3909
63.3453
58.2554
53.2116
48.1241
43.075
37.994
32.9383
27.8635
22.8025
17.7319
12.6678
7.59927
2.5339
98.8345
93.707
88.6831
83.5936
78.5335
73.4734
68.3909
63.3453
58.2554
53.2116
48.1241
43.075
37.994
32.9383
27.8635
22.8025
17.7319
12.6678
7.59927
2.5339
98.8345
93.7069
88.6831
83.5936
78.5335
73.4734
68.3909
63.3453
58.2554
53.2116
48.124
43.075
37.994
32.9383
27.8635
22.8025
17.7319
12.6678
7.59927
2.5339
98.8345
93.7069
88.6831
83.5936
78.5335
73.4734
68.3909
63.3453
58.2554
53.2116
48.124
43.075
37.994
32.9383
27.8635
22.8025
17.7319
12.6678
7.59926
2.5339
98.8345
93.7069
88.6831
83.5936
78.5335
73.4734
68.3909
63.3453
58.2554
53.2116
48.124
43.075
37.994
32.9383
27.8635
22.8025
17.7319
12.6678
7.59926
2.5339
98.8345
93.7069
88.6831
83.5936
78.5335
73.4734
68.3909
63.3453
58.2553
53.2116
48.124
43.075
37.994
32.9383
27.8635
22.8025
17.7319
12.6678
7.59926
2.5339
98.8345
93.7068
88.6831
83.5935
78.5335
73.4734
68.3909
63.3453
58.2553
53.2116
48.124
43.075
37.994
32.9383
27.8635
22.8025
17.7319
12.6678
7.59926
2.5339
98.8345
93.7068
88.6831
83.5935
78.5335
73.4734
68.3909
63.3453
58.2553
53.2116
48.124
43.075
37.994
32.9383
27.8635
22.8025
17.7319
12.6678
7.59926
2.5339
98.8345
93.7068
88.6831
83.5935
78.5335
73.4734
68.3909
63.3453
58.2553
53.2116
48.124
43.075
37.994
32.9383
27.8635
22.8025
17.7319
12.6678
7.59926
2.5339
98.8345
93.7068
88.6831
83.5935
78.5335
73.4734
68.3909
63.3453
58.2553
53.2116
48.124
43.075
37.994
32.9383
27.8635
22.8025
17.7319
12.6678
7.59926
2.5339
98.8345
93.7068
88.6831
83.5935
78.5335
73.4734
68.3909
63.3453
58.2553
53.2116
48.124
43.075
37.994
32.9383
27.8635
22.8025
17.7319
12.6678
7.59926
2.5339
98.8345
93.7068
88.6831
83.5936
78.5335
73.4734
68.3909
63.3453
58.2553
53.2116
48.124
43.075
37.994
32.9383
27.8635
22.8025
17.7319
12.6678
7.59926
2.5339
98.8345
93.7069
88.6831
83.5936
78.5335
73.4734
68.3909
63.3453
58.2553
53.2116
48.124
43.075
37.994
32.9383
27.8635
22.8025
17.7319
12.6678
7.59926
2.5339
98.8345
93.7069
88.6831
83.5936
78.5335
73.4734
68.3909
63.3453
58.2554
53.2116
48.124
43.075
37.994
32.9383
27.8635
22.8025
17.7319
12.6678
7.59926
2.5339
98.8345
93.7069
88.6831
83.5936
78.5335
73.4734
68.3909
63.3453
58.2554
53.2116
48.124
43.075
37.994
32.9383
27.8635
22.8025
17.7319
12.6678
7.59927
2.5339
98.8345
93.7069
88.6831
83.5936
78.5335
73.4734
68.3909
63.3453
58.2554
53.2116
48.124
43.075
37.994
32.9383
27.8635
22.8025
17.7319
12.6678
7.59927
2.5339
98.8345
93.707
88.6831
83.5936
78.5335
73.4734
68.3909
63.3453
58.2554
53.2116
48.1241
43.075
37.994
32.9383
27.8635
22.8025
17.7319
12.6678
7.59927
2.5339
98.8346
93.707
88.6831
83.5936
78.5335
73.4734
68.3909
63.3453
58.2554
53.2115
48.1241
43.075
37.994
32.9383
27.8635
22.8025
17.7319
12.6678
7.59927
2.5339
98.8346
93.707
88.6831
83.5936
78.5335
73.4734
68.3909
63.3453
58.2554
53.2116
48.1241
43.075
37.994
32.9383
27.8635
22.8025
17.7319
12.6678
7.59927
2.5339
)
;

boundaryField
{
    top
    {
        type            zeroGradient;
    }
    bottom
    {
        type            zeroGradient;
    }
    inlet
    {
        type            fixedValue;
        value           uniform 101.325;
    }
    outlet
    {
        type            fixedValue;
        value           uniform 0;
    }
    frontAndBack
    {
        type            empty;
    }
}


// ************************************************************************* //
