/*--------------------------------*- C++ -*----------------------------------*\
| =========                 |                                                 |
| \\      /  F ield         | OpenFOAM: The Open Source CFD Toolbox           |
|  \\    /   O peration     | Version:  4.1                                   |
|   \\  /    A nd           | Web:      www.OpenFOAM.org                      |
|    \\/     M anipulation  |                                                 |
\*---------------------------------------------------------------------------*/
FoamFile
{
    version     2.0;
    format      ascii;
    class       volScalarField;
    location    "0.8";
    object      p;
}
// * * * * * * * * * * * * * * * * * * * * * * * * * * * * * * * * * * * * * //

dimensions      [0 2 -2 0 0 0 0];

internalField   nonuniform List<scalar> 
400
(
98.7918
93.7255
88.6593
83.593
78.5268
73.4606
68.3943
63.328
58.2618
53.1955
48.1292
43.063
37.9968
32.9305
27.8643
22.798
17.7318
12.6655
7.59929
2.5331
98.7918
93.7255
88.6593
83.593
78.5268
73.4606
68.3943
63.328
58.2618
53.1955
48.1292
43.063
37.9968
32.9305
27.8643
22.798
17.7318
12.6655
7.59929
2.5331
98.7918
93.7255
88.6593
83.593
78.5268
73.4606
68.3943
63.328
58.2618
53.1955
48.1292
43.063
37.9968
32.9305
27.8643
22.798
17.7318
12.6655
7.59929
2.5331
98.7918
93.7255
88.6593
83.593
78.5268
73.4606
68.3943
63.328
58.2618
53.1955
48.1292
43.063
37.9968
32.9305
27.8643
22.798
17.7318
12.6655
7.59929
2.5331
98.7918
93.7255
88.6593
83.593
78.5268
73.4606
68.3943
63.328
58.2618
53.1955
48.1292
43.063
37.9968
32.9305
27.8643
22.798
17.7318
12.6655
7.59929
2.5331
98.7918
93.7255
88.6593
83.593
78.5268
73.4606
68.3943
63.328
58.2618
53.1955
48.1292
43.063
37.9968
32.9305
27.8643
22.798
17.7318
12.6655
7.59929
2.5331
98.7918
93.7255
88.6593
83.593
78.5268
73.4606
68.3943
63.328
58.2618
53.1955
48.1292
43.063
37.9968
32.9305
27.8643
22.798
17.7318
12.6655
7.59929
2.5331
98.7918
93.7255
88.6593
83.593
78.5268
73.4606
68.3943
63.328
58.2618
53.1955
48.1292
43.063
37.9968
32.9305
27.8643
22.798
17.7318
12.6655
7.59929
2.5331
98.7918
93.7255
88.6593
83.593
78.5268
73.4606
68.3943
63.328
58.2618
53.1955
48.1292
43.063
37.9968
32.9305
27.8643
22.798
17.7318
12.6655
7.59929
2.5331
98.7918
93.7255
88.6593
83.593
78.5268
73.4606
68.3943
63.328
58.2618
53.1955
48.1292
43.063
37.9968
32.9305
27.8643
22.798
17.7318
12.6655
7.59929
2.5331
98.7918
93.7255
88.6593
83.593
78.5268
73.4606
68.3943
63.328
58.2618
53.1955
48.1292
43.063
37.9968
32.9305
27.8643
22.798
17.7318
12.6655
7.59929
2.5331
98.7918
93.7255
88.6593
83.593
78.5268
73.4606
68.3943
63.328
58.2618
53.1955
48.1292
43.063
37.9968
32.9305
27.8643
22.798
17.7318
12.6655
7.5993
2.5331
98.7918
93.7255
88.6593
83.593
78.5268
73.4606
68.3943
63.328
58.2618
53.1955
48.1292
43.063
37.9968
32.9305
27.8643
22.798
17.7318
12.6655
7.5993
2.5331
98.7918
93.7255
88.6593
83.593
78.5268
73.4606
68.3943
63.328
58.2618
53.1955
48.1292
43.063
37.9968
32.9305
27.8643
22.798
17.7318
12.6655
7.5993
2.5331
98.7918
93.7255
88.6593
83.593
78.5268
73.4606
68.3943
63.328
58.2618
53.1955
48.1292
43.063
37.9968
32.9305
27.8643
22.798
17.7318
12.6655
7.5993
2.5331
98.7918
93.7255
88.6593
83.593
78.5268
73.4606
68.3943
63.328
58.2618
53.1955
48.1292
43.063
37.9968
32.9305
27.8643
22.798
17.7318
12.6655
7.5993
2.5331
98.7918
93.7255
88.6593
83.593
78.5268
73.4606
68.3943
63.328
58.2618
53.1955
48.1292
43.063
37.9968
32.9305
27.8643
22.798
17.7318
12.6655
7.5993
2.5331
98.7918
93.7255
88.6593
83.593
78.5268
73.4606
68.3943
63.328
58.2618
53.1955
48.1292
43.063
37.9968
32.9305
27.8643
22.798
17.7318
12.6655
7.5993
2.5331
98.7918
93.7255
88.6593
83.593
78.5268
73.4606
68.3943
63.328
58.2618
53.1955
48.1292
43.063
37.9968
32.9305
27.8643
22.798
17.7318
12.6655
7.5993
2.5331
98.7918
93.7255
88.6593
83.593
78.5268
73.4606
68.3943
63.328
58.2618
53.1955
48.1292
43.063
37.9968
32.9305
27.8643
22.798
17.7318
12.6655
7.5993
2.5331
)
;

boundaryField
{
    top
    {
        type            zeroGradient;
    }
    bottom
    {
        type            zeroGradient;
    }
    inlet
    {
        type            fixedValue;
        value           uniform 101.325;
    }
    outlet
    {
        type            fixedValue;
        value           uniform 0;
    }
    frontAndBack
    {
        type            empty;
    }
}


// ************************************************************************* //
