/*--------------------------------*- C++ -*----------------------------------*\
| =========                 |                                                 |
| \\      /  F ield         | OpenFOAM: The Open Source CFD Toolbox           |
|  \\    /   O peration     | Version:  4.1                                   |
|   \\  /    A nd           | Web:      www.OpenFOAM.org                      |
|    \\/     M anipulation  |                                                 |
\*---------------------------------------------------------------------------*/
FoamFile
{
    version     2.0;
    format      ascii;
    class       volScalarField;
    location    "0.4";
    object      p;
}
// * * * * * * * * * * * * * * * * * * * * * * * * * * * * * * * * * * * * * //

dimensions      [0 2 -2 0 0 0 0];

internalField   nonuniform List<scalar> 
400
(
98.7916
93.7256
88.6596
83.5932
78.5272
73.4609
68.3947
63.3284
58.2621
53.1957
48.1294
43.0631
37.9968
32.9305
27.8643
22.798
17.7318
12.6655
7.59918
2.53327
98.7916
93.7256
88.6596
83.5932
78.5272
73.4609
68.3947
63.3284
58.2621
53.1957
48.1294
43.0631
37.9968
32.9305
27.8643
22.798
17.7318
12.6655
7.59918
2.53327
98.7916
93.7256
88.6596
83.5932
78.5272
73.4609
68.3947
63.3284
58.2621
53.1957
48.1294
43.0631
37.9968
32.9305
27.8643
22.798
17.7318
12.6655
7.59918
2.53327
98.7916
93.7256
88.6596
83.5932
78.5272
73.4609
68.3947
63.3284
58.2621
53.1957
48.1294
43.0631
37.9968
32.9305
27.8643
22.798
17.7318
12.6655
7.59918
2.53327
98.7916
93.7256
88.6596
83.5932
78.5272
73.4609
68.3947
63.3284
58.2621
53.1957
48.1294
43.0631
37.9968
32.9305
27.8643
22.798
17.7318
12.6655
7.59918
2.53327
98.7916
93.7256
88.6596
83.5932
78.5272
73.4609
68.3947
63.3283
58.2621
53.1957
48.1294
43.0631
37.9968
32.9305
27.8643
22.798
17.7318
12.6655
7.59918
2.53327
98.7916
93.7256
88.6596
83.5932
78.5272
73.4609
68.3947
63.3283
58.2621
53.1957
48.1294
43.0631
37.9968
32.9305
27.8643
22.798
17.7318
12.6655
7.59918
2.53327
98.7916
93.7256
88.6596
83.5932
78.5272
73.4609
68.3947
63.3283
58.2621
53.1957
48.1294
43.0631
37.9968
32.9305
27.8643
22.798
17.7318
12.6655
7.59918
2.53327
98.7916
93.7256
88.6596
83.5932
78.5272
73.4609
68.3947
63.3283
58.2621
53.1957
48.1294
43.0631
37.9968
32.9305
27.8643
22.798
17.7318
12.6655
7.59918
2.53327
98.7916
93.7256
88.6596
83.5932
78.5272
73.4609
68.3947
63.3283
58.2621
53.1957
48.1294
43.0631
37.9968
32.9305
27.8643
22.798
17.7318
12.6655
7.59918
2.53327
98.7916
93.7256
88.6596
83.5932
78.5272
73.4609
68.3947
63.3283
58.2621
53.1957
48.1294
43.0631
37.9968
32.9305
27.8643
22.798
17.7318
12.6655
7.59918
2.53327
98.7916
93.7256
88.6596
83.5932
78.5272
73.4609
68.3947
63.3283
58.2621
53.1957
48.1294
43.0631
37.9968
32.9305
27.8643
22.798
17.7318
12.6655
7.59918
2.53327
98.7916
93.7256
88.6596
83.5932
78.5272
73.4609
68.3947
63.3283
58.2621
53.1957
48.1294
43.0631
37.9968
32.9305
27.8643
22.798
17.7318
12.6655
7.59918
2.53327
98.7916
93.7256
88.6596
83.5932
78.5272
73.4609
68.3947
63.3283
58.2621
53.1957
48.1294
43.0631
37.9968
32.9305
27.8643
22.798
17.7318
12.6655
7.59918
2.53327
98.7916
93.7256
88.6596
83.5932
78.5272
73.4609
68.3947
63.3283
58.2621
53.1957
48.1294
43.0631
37.9968
32.9305
27.8643
22.798
17.7318
12.6655
7.59918
2.53327
98.7916
93.7256
88.6596
83.5932
78.5272
73.4609
68.3947
63.3283
58.2621
53.1957
48.1294
43.0631
37.9968
32.9305
27.8643
22.798
17.7318
12.6655
7.59918
2.53327
98.7916
93.7256
88.6596
83.5932
78.5272
73.4609
68.3947
63.3283
58.2621
53.1957
48.1294
43.0631
37.9968
32.9305
27.8643
22.798
17.7318
12.6655
7.59918
2.53327
98.7916
93.7256
88.6596
83.5932
78.5272
73.4609
68.3947
63.3283
58.2621
53.1957
48.1294
43.0631
37.9968
32.9305
27.8643
22.798
17.7318
12.6655
7.59918
2.53327
98.7916
93.7256
88.6596
83.5932
78.5272
73.4609
68.3947
63.3283
58.2621
53.1957
48.1294
43.0631
37.9968
32.9305
27.8643
22.798
17.7318
12.6655
7.59918
2.53327
98.7916
93.7256
88.6596
83.5932
78.5272
73.4609
68.3947
63.3283
58.2621
53.1957
48.1294
43.0631
37.9968
32.9305
27.8643
22.798
17.7318
12.6655
7.59918
2.53327
)
;

boundaryField
{
    top
    {
        type            zeroGradient;
    }
    bottom
    {
        type            zeroGradient;
    }
    inlet
    {
        type            fixedValue;
        value           uniform 101.325;
    }
    outlet
    {
        type            fixedValue;
        value           uniform 0;
    }
    frontAndBack
    {
        type            empty;
    }
}


// ************************************************************************* //
