/*--------------------------------*- C++ -*----------------------------------*\
| =========                 |                                                 |
| \\      /  F ield         | OpenFOAM: The Open Source CFD Toolbox           |
|  \\    /   O peration     | Version:  4.1                                   |
|   \\  /    A nd           | Web:      www.OpenFOAM.org                      |
|    \\/     M anipulation  |                                                 |
\*---------------------------------------------------------------------------*/
FoamFile
{
    version     2.0;
    format      ascii;
    class       volScalarField;
    location    "0.3";
    object      p;
}
// * * * * * * * * * * * * * * * * * * * * * * * * * * * * * * * * * * * * * //

dimensions      [0 2 -2 0 0 0 0];

internalField   nonuniform List<scalar> 
400
(
98.7918
93.7255
88.6602
83.5933
78.5273
73.4609
68.3946
63.3284
58.262
53.1959
48.1294
43.0633
37.9969
32.9307
27.8644
22.7981
17.7319
12.6654
7.59913
2.53351
98.7918
93.7255
88.6602
83.5933
78.5273
73.4609
68.3946
63.3284
58.262
53.1959
48.1294
43.0633
37.9969
32.9307
27.8644
22.7981
17.7319
12.6654
7.59913
2.53351
98.7918
93.7255
88.6602
83.5933
78.5273
73.4609
68.3946
63.3284
58.262
53.1959
48.1294
43.0633
37.9969
32.9307
27.8644
22.7981
17.7319
12.6654
7.59913
2.53351
98.7918
93.7255
88.6602
83.5933
78.5273
73.4609
68.3946
63.3284
58.262
53.1959
48.1294
43.0633
37.9969
32.9307
27.8644
22.7981
17.7319
12.6654
7.59913
2.53351
98.7918
93.7255
88.6602
83.5933
78.5273
73.4609
68.3946
63.3284
58.262
53.1959
48.1294
43.0633
37.9969
32.9307
27.8644
22.7981
17.7319
12.6654
7.59913
2.53351
98.7918
93.7255
88.6602
83.5933
78.5273
73.4609
68.3946
63.3284
58.262
53.1959
48.1294
43.0633
37.9969
32.9307
27.8644
22.7981
17.7319
12.6654
7.59913
2.53351
98.7918
93.7255
88.6602
83.5933
78.5273
73.4609
68.3946
63.3284
58.262
53.1959
48.1294
43.0633
37.9969
32.9307
27.8644
22.7981
17.7319
12.6654
7.59913
2.53351
98.7918
93.7255
88.6602
83.5933
78.5273
73.4609
68.3946
63.3284
58.262
53.1959
48.1294
43.0633
37.9969
32.9307
27.8644
22.7981
17.7319
12.6654
7.59913
2.53351
98.7918
93.7255
88.6602
83.5933
78.5273
73.4609
68.3946
63.3284
58.262
53.1959
48.1294
43.0633
37.9969
32.9307
27.8644
22.7981
17.7319
12.6654
7.59913
2.53351
98.7918
93.7255
88.6602
83.5933
78.5273
73.4609
68.3946
63.3284
58.262
53.1959
48.1294
43.0633
37.9969
32.9307
27.8644
22.7981
17.7319
12.6654
7.59913
2.53351
98.7918
93.7255
88.6602
83.5933
78.5273
73.4609
68.3946
63.3284
58.262
53.1959
48.1294
43.0633
37.9969
32.9307
27.8644
22.7981
17.7319
12.6654
7.59913
2.53351
98.7918
93.7255
88.6602
83.5933
78.5273
73.4609
68.3946
63.3284
58.262
53.1959
48.1294
43.0633
37.9969
32.9307
27.8644
22.7981
17.7319
12.6654
7.59913
2.53351
98.7918
93.7255
88.6602
83.5933
78.5273
73.4609
68.3946
63.3284
58.262
53.1959
48.1294
43.0633
37.9969
32.9307
27.8644
22.7981
17.7319
12.6654
7.59914
2.53351
98.7918
93.7255
88.6602
83.5933
78.5273
73.4609
68.3946
63.3284
58.262
53.1959
48.1294
43.0633
37.9969
32.9307
27.8644
22.7981
17.7319
12.6654
7.59914
2.53351
98.7918
93.7255
88.6602
83.5933
78.5273
73.4609
68.3946
63.3284
58.262
53.1959
48.1294
43.0633
37.9969
32.9307
27.8644
22.7981
17.7319
12.6654
7.59914
2.53351
98.7918
93.7255
88.6602
83.5933
78.5273
73.4609
68.3946
63.3284
58.262
53.1959
48.1294
43.0633
37.9969
32.9307
27.8644
22.7981
17.7319
12.6654
7.59914
2.53351
98.7918
93.7255
88.6602
83.5933
78.5273
73.4609
68.3946
63.3284
58.262
53.1959
48.1294
43.0633
37.9969
32.9307
27.8644
22.7981
17.7319
12.6654
7.59914
2.53351
98.7918
93.7255
88.6602
83.5933
78.5273
73.4609
68.3946
63.3284
58.262
53.1959
48.1294
43.0633
37.9969
32.9307
27.8644
22.7981
17.7319
12.6654
7.59914
2.53351
98.7918
93.7255
88.6602
83.5933
78.5273
73.4609
68.3946
63.3284
58.262
53.1959
48.1294
43.0633
37.9969
32.9307
27.8644
22.7981
17.7319
12.6654
7.59914
2.53351
98.7918
93.7255
88.6602
83.5933
78.5273
73.4609
68.3946
63.3284
58.262
53.1959
48.1294
43.0633
37.9969
32.9307
27.8644
22.7981
17.7319
12.6654
7.59914
2.53351
)
;

boundaryField
{
    top
    {
        type            zeroGradient;
    }
    bottom
    {
        type            zeroGradient;
    }
    inlet
    {
        type            fixedValue;
        value           uniform 101.325;
    }
    outlet
    {
        type            fixedValue;
        value           uniform 0;
    }
    frontAndBack
    {
        type            empty;
    }
}


// ************************************************************************* //
