/*--------------------------------*- C++ -*----------------------------------*\
| =========                 |                                                 |
| \\      /  F ield         | OpenFOAM: The Open Source CFD Toolbox           |
|  \\    /   O peration     | Version:  4.1                                   |
|   \\  /    A nd           | Web:      www.OpenFOAM.org                      |
|    \\/     M anipulation  |                                                 |
\*---------------------------------------------------------------------------*/
FoamFile
{
    version     2.0;
    format      ascii;
    class       volScalarField;
    location    "2";
    object      p;
}
// * * * * * * * * * * * * * * * * * * * * * * * * * * * * * * * * * * * * * //

dimensions      [0 2 -2 0 0 0 0];

internalField   nonuniform List<scalar> 
400
(
-98.7919
-93.7256
-88.6594
-83.5931
-78.5269
-73.4606
-68.3944
-63.3281
-58.2619
-53.1956
-48.1294
-43.0631
-37.9969
-32.9306
-27.8644
-22.7981
-17.7319
-12.6656
-7.59938
-2.53313
-98.7919
-93.7256
-88.6594
-83.5931
-78.5269
-73.4606
-68.3944
-63.3281
-58.2619
-53.1956
-48.1294
-43.0631
-37.9969
-32.9306
-27.8644
-22.7981
-17.7319
-12.6656
-7.59938
-2.53313
-98.7919
-93.7256
-88.6594
-83.5931
-78.5269
-73.4606
-68.3944
-63.3281
-58.2619
-53.1956
-48.1294
-43.0631
-37.9969
-32.9306
-27.8644
-22.7981
-17.7319
-12.6656
-7.59938
-2.53313
-98.7919
-93.7256
-88.6594
-83.5931
-78.5269
-73.4606
-68.3944
-63.3281
-58.2619
-53.1956
-48.1294
-43.0631
-37.9969
-32.9306
-27.8644
-22.7981
-17.7319
-12.6656
-7.59938
-2.53313
-98.7919
-93.7256
-88.6594
-83.5931
-78.5269
-73.4606
-68.3944
-63.3281
-58.2619
-53.1956
-48.1294
-43.0631
-37.9969
-32.9306
-27.8644
-22.7981
-17.7319
-12.6656
-7.59938
-2.53313
-98.7919
-93.7256
-88.6594
-83.5931
-78.5269
-73.4606
-68.3944
-63.3281
-58.2619
-53.1956
-48.1294
-43.0631
-37.9969
-32.9306
-27.8644
-22.7981
-17.7319
-12.6656
-7.59938
-2.53313
-98.7919
-93.7256
-88.6594
-83.5931
-78.5269
-73.4606
-68.3944
-63.3281
-58.2619
-53.1956
-48.1294
-43.0631
-37.9969
-32.9306
-27.8644
-22.7981
-17.7319
-12.6656
-7.59938
-2.53312
-98.7919
-93.7256
-88.6594
-83.5931
-78.5269
-73.4606
-68.3944
-63.3281
-58.2619
-53.1956
-48.1294
-43.0631
-37.9969
-32.9306
-27.8644
-22.7981
-17.7319
-12.6656
-7.59938
-2.53312
-98.7919
-93.7256
-88.6594
-83.5931
-78.5269
-73.4606
-68.3944
-63.3281
-58.2619
-53.1956
-48.1294
-43.0631
-37.9969
-32.9306
-27.8644
-22.7981
-17.7319
-12.6656
-7.59938
-2.53312
-98.7919
-93.7256
-88.6594
-83.5931
-78.5269
-73.4606
-68.3944
-63.3281
-58.2619
-53.1956
-48.1294
-43.0631
-37.9969
-32.9306
-27.8644
-22.7981
-17.7319
-12.6656
-7.59938
-2.53312
-98.7919
-93.7256
-88.6594
-83.5931
-78.5269
-73.4606
-68.3944
-63.3281
-58.2619
-53.1956
-48.1294
-43.0631
-37.9969
-32.9306
-27.8644
-22.7981
-17.7319
-12.6656
-7.59938
-2.53312
-98.7919
-93.7256
-88.6594
-83.5931
-78.5269
-73.4606
-68.3944
-63.3281
-58.2619
-53.1956
-48.1294
-43.0631
-37.9969
-32.9306
-27.8644
-22.7981
-17.7319
-12.6656
-7.59938
-2.53312
-98.7919
-93.7256
-88.6594
-83.5931
-78.5269
-73.4606
-68.3944
-63.3281
-58.2619
-53.1956
-48.1294
-43.0631
-37.9969
-32.9306
-27.8644
-22.7981
-17.7319
-12.6656
-7.59938
-2.53312
-98.7919
-93.7256
-88.6594
-83.5931
-78.5269
-73.4606
-68.3944
-63.3281
-58.2619
-53.1956
-48.1294
-43.0631
-37.9969
-32.9306
-27.8644
-22.7981
-17.7319
-12.6656
-7.59938
-2.53312
-98.7919
-93.7256
-88.6594
-83.5931
-78.5269
-73.4606
-68.3944
-63.3281
-58.2619
-53.1956
-48.1294
-43.0631
-37.9969
-32.9306
-27.8644
-22.7981
-17.7319
-12.6656
-7.59938
-2.53312
-98.7919
-93.7256
-88.6594
-83.5931
-78.5269
-73.4606
-68.3944
-63.3281
-58.2619
-53.1956
-48.1294
-43.0631
-37.9969
-32.9306
-27.8644
-22.7981
-17.7319
-12.6656
-7.59938
-2.53312
-98.7919
-93.7256
-88.6594
-83.5931
-78.5269
-73.4606
-68.3944
-63.3281
-58.2619
-53.1956
-48.1294
-43.0631
-37.9969
-32.9306
-27.8644
-22.7981
-17.7319
-12.6656
-7.59938
-2.53312
-98.7919
-93.7256
-88.6594
-83.5931
-78.5269
-73.4606
-68.3944
-63.3281
-58.2619
-53.1956
-48.1294
-43.0631
-37.9969
-32.9306
-27.8644
-22.7981
-17.7319
-12.6656
-7.59938
-2.53312
-98.7919
-93.7256
-88.6594
-83.5931
-78.5269
-73.4606
-68.3944
-63.3281
-58.2619
-53.1956
-48.1294
-43.0631
-37.9969
-32.9306
-27.8644
-22.7981
-17.7319
-12.6656
-7.59938
-2.53312
-98.7919
-93.7256
-88.6594
-83.5931
-78.5269
-73.4606
-68.3944
-63.3281
-58.2619
-53.1956
-48.1294
-43.0631
-37.9969
-32.9306
-27.8644
-22.7981
-17.7319
-12.6656
-7.59938
-2.53312
)
;

boundaryField
{
    top
    {
        type            zeroGradient;
    }
    bottom
    {
        type            zeroGradient;
    }
    inlet
    {
        type            fixedValue;
        value           uniform -101.325;
    }
    outlet
    {
        type            fixedValue;
        value           uniform 0;
    }
    frontAndBack
    {
        type            empty;
    }
}


// ************************************************************************* //
