/*--------------------------------*- C++ -*----------------------------------*\
| =========                 |                                                 |
| \\      /  F ield         | OpenFOAM: The Open Source CFD Toolbox           |
|  \\    /   O peration     | Version:  4.1                                   |
|   \\  /    A nd           | Web:      www.OpenFOAM.org                      |
|    \\/     M anipulation  |                                                 |
\*---------------------------------------------------------------------------*/
FoamFile
{
    version     2.0;
    format      ascii;
    class       volScalarField;
    location    "0.2";
    object      p;
}
// * * * * * * * * * * * * * * * * * * * * * * * * * * * * * * * * * * * * * //

dimensions      [0 2 -2 0 0 0 0];

internalField   nonuniform List<scalar> 
400
(
98.796
93.7243
88.6622
83.5936
78.5283
73.4621
68.3951
63.3302
58.2623
53.1978
48.1297
43.0651
37.9972
32.9321
27.8646
22.7991
17.732
12.6661
7.59916
2.53362
98.796
93.7243
88.6622
83.5936
78.5283
73.4621
68.3951
63.3302
58.2623
53.1978
48.1297
43.0651
37.9972
32.9321
27.8646
22.7991
17.732
12.6661
7.59916
2.53362
98.796
93.7243
88.6622
83.5936
78.5283
73.4621
68.3951
63.3302
58.2623
53.1978
48.1297
43.0651
37.9972
32.9321
27.8646
22.7991
17.732
12.6661
7.59916
2.53362
98.796
93.7243
88.6622
83.5936
78.5283
73.4621
68.3951
63.3302
58.2623
53.1978
48.1297
43.0651
37.9972
32.9321
27.8646
22.7991
17.732
12.6661
7.59916
2.53362
98.796
93.7243
88.6622
83.5936
78.5283
73.4621
68.3951
63.3302
58.2623
53.1978
48.1297
43.0651
37.9972
32.9321
27.8646
22.7991
17.732
12.6661
7.59916
2.53362
98.796
93.7243
88.6622
83.5936
78.5283
73.4621
68.3951
63.3302
58.2623
53.1978
48.1297
43.0651
37.9972
32.9321
27.8646
22.7991
17.732
12.6661
7.59916
2.53362
98.796
93.7243
88.6622
83.5936
78.5283
73.4621
68.3951
63.3302
58.2623
53.1978
48.1297
43.0651
37.9972
32.9321
27.8646
22.7991
17.732
12.6661
7.59916
2.53362
98.796
93.7243
88.6622
83.5936
78.5283
73.4621
68.3951
63.3302
58.2623
53.1978
48.1297
43.0651
37.9972
32.9321
27.8646
22.7991
17.732
12.6661
7.59916
2.53362
98.796
93.7243
88.6622
83.5936
78.5283
73.4621
68.3951
63.3302
58.2623
53.1978
48.1297
43.0651
37.9972
32.9321
27.8646
22.7991
17.732
12.6661
7.59916
2.53362
98.796
93.7243
88.6622
83.5936
78.5283
73.4621
68.3951
63.3302
58.2623
53.1978
48.1297
43.0651
37.9972
32.9321
27.8646
22.7991
17.732
12.6661
7.59916
2.53362
98.796
93.7243
88.6622
83.5936
78.5283
73.4621
68.3951
63.3302
58.2623
53.1978
48.1297
43.0651
37.9972
32.9321
27.8646
22.7991
17.732
12.6661
7.59916
2.53362
98.796
93.7243
88.6622
83.5936
78.5283
73.4621
68.3951
63.3302
58.2623
53.1978
48.1297
43.0651
37.9972
32.9321
27.8646
22.7991
17.732
12.6661
7.59916
2.53362
98.796
93.7243
88.6622
83.5936
78.5283
73.4621
68.3951
63.3302
58.2623
53.1978
48.1297
43.0651
37.9972
32.9321
27.8646
22.7991
17.732
12.6661
7.59916
2.53362
98.796
93.7243
88.6622
83.5936
78.5283
73.4621
68.3951
63.3302
58.2623
53.1978
48.1297
43.0651
37.9972
32.9321
27.8646
22.7991
17.732
12.6661
7.59916
2.53362
98.796
93.7243
88.6622
83.5936
78.5283
73.4621
68.3951
63.3302
58.2623
53.1978
48.1297
43.0651
37.9972
32.9321
27.8646
22.7991
17.732
12.6661
7.59916
2.53362
98.796
93.7243
88.6622
83.5936
78.5283
73.4621
68.3951
63.3302
58.2623
53.1978
48.1297
43.0651
37.9972
32.9321
27.8646
22.7991
17.732
12.6661
7.59916
2.53362
98.796
93.7243
88.6622
83.5936
78.5283
73.4621
68.3951
63.3302
58.2623
53.1978
48.1297
43.0651
37.9972
32.9321
27.8646
22.7991
17.732
12.6661
7.59916
2.53362
98.796
93.7243
88.6622
83.5936
78.5283
73.4621
68.3951
63.3302
58.2623
53.1978
48.1297
43.0651
37.9972
32.9321
27.8646
22.7991
17.732
12.6661
7.59916
2.53362
98.796
93.7243
88.6622
83.5936
78.5283
73.4621
68.3951
63.3302
58.2623
53.1978
48.1297
43.0651
37.9972
32.9321
27.8646
22.7991
17.732
12.6661
7.59916
2.53362
98.796
93.7243
88.6622
83.5936
78.5283
73.4621
68.3951
63.3302
58.2623
53.1978
48.1297
43.0651
37.9972
32.9321
27.8646
22.7991
17.732
12.6661
7.59916
2.53362
)
;

boundaryField
{
    top
    {
        type            zeroGradient;
    }
    bottom
    {
        type            zeroGradient;
    }
    inlet
    {
        type            fixedValue;
        value           uniform 101.325;
    }
    outlet
    {
        type            fixedValue;
        value           uniform 0;
    }
    frontAndBack
    {
        type            empty;
    }
}


// ************************************************************************* //
